4 0.491000 1000.000000
4 0.442000 1000.000000
4 0.491000 1000.000000
4 0.491000 1000.000000
4 0.272000 1000.000000
4 0.011000 1000.000000
4 0.011000 1000.000000
4 0.111000 1000.000000
4 1.000000 1000.000000
4 0.112000 1000.000000
4 0.112000 1000.000000
4 0.111000 1000.000000
4 0.111000 1000.000000
4 0.112000 1000.000000
4 0.111000 1000.000000
4 0.109000 1000.000000
4 0.109000 1000.000000
4 0.114000 1000.000000
4 0.114000 1000.000000
4 0.109000 1000.000000
4 0.114000 1000.000000
4 0.107000 1000.000000
4 0.107000 1000.000000
4 0.107000 1000.000000
4 0.107000 1000.000000
4 0.107000 1000.000000
4 0.123000 1000.000000
4 0.123000 1000.000000
4 0.123000 1000.000000
4 0.123000 1000.000000
4 0.123000 1000.000000
4 0.123000 1000.000000
4 0.123000 1000.000000
4 0.123000 1000.000000
4 0.123000 1000.000000
4 0.107000 1000.000000
4 0.111000 1000.000000
4 0.107000 1000.000000
4 0.107000 1000.000000
4 0.123000 1000.000000
4 0.111000 1000.000000
4 0.100000 1000.000000
4 0.111000 1000.000000
4 0.000000 1000.000000
4 0.000000 1000.000000
4 0.071000 1000.000000
4 0.071000 1000.000000
4 0.071000 1000.000000
4 0.071000 1000.000000
4 0.071000 1000.000000
4 0.000000 100.000000
4 0.000000 200.000000
4 0.000000 300.000000
4 0.000000 400.000000
4 0.008000 500.000000
2 0.136000 500.000000
2 0.000000 100.000000
2 0.015000 200.000000
4 0.000000 100.000000
4 0.000000 100.000000
4 1000.000000 0.091000 9450
4 1000.000000 0.091000 0
