21
0 140 110 -1 210 -1 -1 -1 -1 -1 -1 -1 -1 -1 -1 -1 -1 -1 -1 -1 -1 
140 0 110 -1 -1 90 90 -1 -1 -1 -1 -1 -1 -1 -1 -1 -1 -1 -1 -1 -1 
110 110 0 90 -1 -1 -1 90 -1 -1 -1 -1 -1 -1 -1 -1 -1 -1 -1 -1 -1 
-1 -1 90 0 80 -1 -1 9 -1 -1 -1 -1 -1 -1 -1 -1 -1 -1 -1 -1 -1 
210 -1 -1 80 0 -1 -1 -1 -1 -1 -1 -1 -1 -1 -1 -1 -1 -1 -1 -1 -1 
-1 90 -1 -1 -1 0 90 -1 -1 -1 -1 -1 -1 -1 -1 -1 -1 -1 -1 -1 -1 
-1 90 -1 -1 -1 90 0 130 120 150 -1 -1 -1 -1 -1 -1 -1 -1 -1 -1 -1 
-1 -1 90 90 -1 -1 130 0 -1 50 200 -1 -1 -1 -1 -1 -1 -1 -1 -1 -1 
-1 -1 -1 -1 -1 -1 120 -1 0 60 -1 -1 190 -1 -1 -1 -1 -1 -1 -1 -1 
-1 -1 -1 -1 -1 -1 150 50 60 0 -1 110 180 -1 -1 -1 -1 -1 -1 -1 -1 
-1 -1 -1 -1 -1 -1 -1 200 -1 -1 0 -1 -1 130 -1 -1 -1 -1 -1 -1 -1 
-1 -1 -1 -1 -1 -1 -1 -1 -1 110 -1 0 120 170 -1 -1 -1 -1 -1 -1 -1 
-1 -1 -1 -1 -1 -1 -1 -1 190 180 -1 120 0 -1 460 180 -1 -1 -1 -1 -1 
-1 -1 -1 -1 -1 -1 -1 -1 -1 -1 130 170 -1 0 -1 200 270 -1 -1 -1 -1 
-1 -1 -1 -1 -1 -1 -1 -1 -1 -1 -1 -1 460 -1 0 -1 -1 -1 420 -1 -1 
-1 -1 -1 -1 -1 -1 -1 -1 -1 -1 -1 -1 180 200 -1 0 210 90 310 -1 350 
-1 -1 -1 -1 -1 -1 -1 -1 -1 -1 -1 -1 -1 270 -1 210 0 100 -1 -1 -1 
-1 -1 -1 -1 -1 -1 -1 -1 -1 -1 -1 -1 -1 -1 -1 90 100 0 -1 200 -1 
-1 -1 -1 -1 -1 -1 -1 -1 -1 -1 -1 -1 -1 -1 420 310 -1 -1 0 -1 150 
-1 -1 -1 -1 -1 -1 -1 -1 -1 -1 -1 -1 -1 -1 -1 -1 -1 200 -1 0 210 
-1 -1 -1 -1 -1 -1 -1 -1 -1 -1 -1 -1 -1 -1 -1 350 -1 -1 150 210 0 