24
0 80 -1 -1 -1 100 -1 -1 -1 -1 -1 -1 -1 -1 -1 -1 -1 -1 -1 -1 -1 -1 -1 -1 
80 0 110 -1 -1 95 -1 -1 -1 -1 -1 -1 -1 -1 -1 -1 -1 -1 -1 -1 -1 -1 -1 -1 
-1 110 0 25 80 -1 100 -1 -1 -1 -1 -1 -1 -1 -1 -1 -1 -1 -1 -1 -1 -1 -1 -1 
-1 -1 25 0 80 -1 85 -1 -1 -1 -1 -1 -1 -1 -1 -1 -1 -1 -1 -1 -1 -1 -1 -1 
-1 -1 80 80 0 -1 -1 120 -1 -1 -1 -1 -1 -1 -1 -1 -1 -1 -1 -1 -1 -1 -1 -1 
100 95 -1 -1 -1 0 100 -1 120 -1 190 -1 -1 -1 -1 -1 -1 -1 -1 -1 -1 -1 -1 -1 
-1 -1 100 85 -1 100 0 115 100 -1 -1 -1 -1 -1 -1 -1 -1 -1 -1 -1 -1 -1 -1 -1 
-1 -1 -1 -1 120 -1 115 0 -1 90 -1 -1 -1 -1 -1 -1 -1 -1 -1 -1 -1 -1 -1 -1 
-1 -1 -1 -1 -1 120 100 -1 0 100 140 100 -1 -1 -1 -1 -1 -1 -1 -1 -1 -1 -1 -1 
-1 -1 -1 -1 -1 -1 -1 90 100 0 -1 -1 95 85 -1 -1 -1 -1 -1 -1 -1 -1 -1 -1 
-1 -1 -1 -1 -1 190 -1 -1 140 -1 0 90 -1 -1 130 -1 -1 -1 260 -1 -1 -1 -1 -1 
-1 -1 -1 -1 -1 -1 -1 -1 100 -1 90 0 90 -1 -1 100 -1 -1 -1 -1 -1 -1 -1 -1 
-1 -1 -1 -1 -1 -1 -1 -1 -1 95 -1 90 0 65 -1 -1 110 -1 -1 -1 -1 -1 -1 -1 
-1 -1 -1 -1 -1 -1 -1 -1 -1 85 -1 -1 65 0 -1 -1 -1 120 -1 -1 -1 -1 -1 -1 
-1 -1 -1 -1 -1 -1 -1 -1 -1 -1 130 -1 -1 -1 0 60 -1 -1 -1 130 -1 -1 -1 -1 
-1 -1 -1 -1 -1 -1 -1 -1 -1 -1 -1 100 -1 -1 60 0 100 -1 -1 -1 100 80 -1 -1 
-1 -1 -1 -1 -1 -1 -1 -1 -1 -1 -1 -1 110 -1 -1 100 0 80 -1 -1 -1 85 100 -1 
-1 -1 -1 -1 -1 -1 -1 -1 -1 -1 -1 -1 -1 120 -1 -1 80 0 -1 -1 -1 -1 -1 90 
-1 -1 -1 -1 -1 -1 -1 -1 -1 -1 260 -1 -1 -1 -1 -1 -1 -1 0 120 -1 -1 -1 -1 
-1 -1 -1 -1 -1 -1 -1 -1 -1 -1 -1 -1 -1 -1 130 -1 -1 -1 120 0 70 -1 -1 -1 
-1 -1 -1 -1 -1 -1 -1 -1 -1 -1 -1 -1 -1 -1 -1 100 -1 -1 -1 70 0 30 -1 -1 
-1 -1 -1 -1 -1 -1 -1 -1 -1 -1 -1 -1 -1 -1 -1 80 85 -1 -1 -1 30 0 60 -1 
-1 -1 -1 -1 -1 -1 -1 -1 -1 -1 -1 -1 -1 -1 -1 -1 100 -1 -1 -1 -1 60 0 90 
-1 -1 -1 -1 -1 -1 -1 -1 -1 -1 -1 -1 -1 -1 -1 -1 -1 90 -1 -1 -1 -1 90 0 
